1.058349609375
1.026671051979065
0.9276460409164429
0.6960638165473938
1.033449411392212
0.8040269613265991
1.025705337524414
0.9858173131942749
0.9517296552658081
0.8876476287841797
0.7474815845489502
0.7796419858932495
0.9010307788848877
1.0229096412658691
0.7697785496711731
0.924481987953186
0.8482589721679688
0.9460212588310242
0.9855589866638184
0.7145877480506897
0.7591509222984314
0.8699527978897095
0.7709329128265381
1.0804046392440796
0.8732485771179199
1.0082128047943115
0.8453803658485413
1.088758945465088
1.0631120204925537
0.9539240002632141
0.8683903813362122
0.8067751526832581
1.008575677871704
1.2026840448379517
0.8903254866600037
0.8236336708068848
1.0139490365982056
0.9858071208000183
1.4597439765930176
1.2337714433670044
1.154750943183899
1.3514646291732788
1.223127841949463
1.3943116664886475
1.3144782781600952
1.5247273445129395
1.3586479425430298
0.9286656379699707
0.8017762899398804
1.0329015254974365
0.8697031736373901
1.0733301639556885
1.2378919124603271
0.9922928214073181
0.9273304343223572
0.8967994451522827
1.0516390800476074
1.0384058952331543
1.0759016275405884
0.9640364646911621
1.012001872062683
0.9634201526641846
0.9942567944526672
1.004333734512329
1.1253995895385742
1.264017105102539
1.2432664632797241
1.2071306705474854
0.9691595435142517
0.9568847417831421
1.0624632835388184
1.1711140871047974
1.0527091026306152
1.0904878377914429
1.087485909461975
1.1387522220611572
1.4026201963424683
1.2328218221664429
1.3754265308380127
1.5616655349731445
1.2230467796325684
1.152555227279663
1.2810102701187134
1.0888577699661255
1.1472668647766113
1.4045192003250122
1.489713191986084
1.3489398956298828
1.2302219867706299
1.3737341165542603
1.4322024583816528
1.1311028003692627
1.6731895208358765
1.3737093210220337
1.3791873455047607
1.3323485851287842
1.1730886697769165
1.369348168373108
1.407063364982605
1.1629793643951416
0.982060968875885
1.0601412057876587
1.1569056510925293
1.1048033237457275
0.9857742786407471
0.8301180601119995
1.0400081872940063
1.0276602506637573
0.9477353096008301
1.088670015335083
1.1147128343582153
1.0183038711547852
1.1986308097839355
1.02119779586792
0.9368748068809509
0.8521421551704407
1.0206568241119385
1.0092179775238037
0.9643367528915405
1.1135187149047852
1.0569713115692139
0.8140624165534973
1.0655627250671387
0.9704205989837646
0.864067018032074
1.0885162353515625
1.0711044073104858
1.0002833604812622
1.0198222398757935
0.9575103521347046
0.8719515800476074
1.1735265254974365
1.194082498550415
1.0609498023986816
0.9416216015815735
0.8766211271286011
1.2213753461837769
1.1278897523880005
1.0146684646606445
1.048724889755249
0.8883054852485657
0.8859857320785522
1.0051379203796387
0.995955228805542
0.9422219395637512
0.98064124584198
0.9996840357780457
0.9607023000717163
0.9486497044563293
0.8619380593299866
0.9737297892570496
0.9732804894447327
1.586185097694397
1.4759576320648193
0.9195172190666199
1.0840049982070923
1.360016107559204
1.4659007787704468
1.3859598636627197
1.628088355064392
1.309948444366455
1.0673092603683472
0.990601122379303
1.2246484756469727
1.113973617553711
0.9888674020767212
0.9713281393051147
1.2295798063278198
1.0132418870925903
1.0690975189208984
0.9872128367424011
1.208505630493164
0.9476554989814758
1.0059400796890259
0.8989667892456055
0.9757077097892761
0.9207870960235596
1.0929545164108276
1.1535297632217407
1.1175743341445923
1.0514287948608398
0.9983646273612976
0.8885847330093384
1.1508725881576538
1.387293815612793
1.446512222290039
1.152051568031311
1.2576042413711548
0.9830968976020813
0.8443725109100342
1.0099856853485107
0.874401330947876
0.8644110560417175
0.8089832067489624
0.8527626991271973
0.9667617678642273
0.8568815588951111
0.9564915299415588
0.9274154901504517
0.7185004949569702
0.7583512663841248
1.006831169128418
0.8197135329246521
0.9667001962661743
0.9473708271980286
0.9705410599708557
1.0209095478057861
1.0732935667037964
0.9662240147590637
0.970210611820221
0.9100105166435242
1.1084891557693481
0.9990686774253845
1.1754605770111084
1.2389451265335083
1.152091145515442
1.0481091737747192
1.210161805152893
1.067374348640442
1.1637248992919922
0.8820160031318665
0.9756360650062561
1.1477664709091187
1.1012669801712036
1.0438709259033203
1.1307817697525024
1.0963249206542969
1.0752921104431152
0.9590780138969421
0.8574835062026978
0.890072226524353
0.7337822914123535
1.0645427703857422
1.0286321640014648
0.9844865202903748
1.1209046840667725
1.19878351688385
1.113200068473816
1.0486795902252197
0.799268364906311
1.27693510055542
1.015113353729248
0.8695611357688904
0.8160147666931152
0.8738412261009216
0.7526919841766357
0.7852001190185547
1.0261361598968506
1.0140223503112793
0.7268138527870178
0.7740643620491028
0.9113636612892151
1.0319504737854004
0.8699241280555725
1.007551908493042
0.9551171064376831
1.1039494276046753
1.008873462677002
1.0236639976501465
1.1106358766555786
1.072555661201477
1.0958350896835327
1.369306206703186
1.3281999826431274
1.0334367752075195
1.063937783241272
0.942565381526947
0.9208217263221741
0.9931175708770752
1.3188210725784302
1.2622774839401245
1.0658490657806396
0.8112974166870117
0.9001120328903198
0.9078142642974854
0.9325762987136841
0.8688467741012573
1.0494433641433716
0.8306905627250671
0.9444236159324646
0.9026792645454407
1.134945034980774
1.063065528869629
1.0406843423843384
0.9588778614997864
0.8768733143806458
0.9980316162109375
0.9541696310043335
1.0342609882354736
1.0522112846374512
0.974000871181488
0.8369375467300415
0.8668495416641235
0.9069384336471558
0.9586198329925537
1.231265664100647
1.6869990825653076
1.19342839717865
1.2637913227081299
1.1130149364471436
1.0831953287124634
1.2076921463012695
1.1297873258590698
1.1315215826034546
1.272735595703125
1.197248935699463
1.0274090766906738
0.9884656667709351
0.9772673845291138
0.9354881644248962
1.0813957452774048
1.085323691368103
0.9961423873901367
0.906008243560791
1.165953516960144
1.454788088798523
1.328429102897644
1.5304888486862183
1.3395315408706665
1.442962646484375
1.7417141199111938
1.5124555826187134
1.5709389448165894
1.3370932340621948
1.4197609424591064
1.1368039846420288
1.0448333024978638
1.1963112354278564
1.0398932695388794
0.9902961254119873
1.0737762451171875
1.1240402460098267
0.9394051432609558
1.062356948852539
1.0427618026733398
1.1169121265411377
1.0839958190917969
1.1104928255081177
1.0166432857513428
0.9831636548042297
1.1488102674484253
1.032046914100647
1.126465916633606
0.9585782289505005
0.9344809651374817
1.0167871713638306
0.8492487072944641
1.1565412282943726
1.1228679418563843
1.0088105201721191
1.005895972251892
1.0144113302230835
0.8766997456550598
1.0892376899719238
1.0556684732437134
1.0692449808120728
1.1581718921661377
1.0260589122772217
0.9911859035491943
1.023330807685852
1.106298565864563
1.0143179893493652
1.1399900913238525
1.4810717105865479
1.232365369796753
1.18690824508667
0.9626955986022949
1.1033438444137573
1.5301494598388672
1.571639895439148
1.2218821048736572
0.9874299764633179
1.331713318824768
1.2294232845306396
1.3450404405593872
1.3635003566741943
1.2605304718017578
1.486569881439209
1.2932093143463135
1.3383203744888306
1.4918041229248047
1.4681475162506104
1.4535127878189087
1.2401031255722046
1.3660322427749634
1.5579079389572144
1.349619746208191
1.3609198331832886
1.450002670288086
1.4493528604507446
1.5074331760406494
1.3810429573059082
1.4056239128112793
1.5098319053649902
0.9995869994163513
1.0232793092727661
1.001963496208191
0.9937900304794312
1.0588823556900024
0.9957422018051147
1.2254176139831543
1.4312238693237305
1.1441646814346313
0.9204102754592896
1.2262965440750122
1.442623496055603
1.5903892517089844
1.6170161962509155
1.1928492784500122
1.4716778993606567
1.8537026643753052
1.6199450492858887
1.131892204284668
1.0584216117858887
1.340019941329956
1.0583628416061401
1.0023760795593262
1.0563619136810303
1.058877944946289
0.8618541955947876
1.019295573234558
1.0269328355789185
1.0037909746170044
0.8176677227020264
1.0380103588104248
1.074811577796936
1.1341180801391602
0.7430611252784729
1.2108644247055054
1.024755835533142
1.038217544555664
1.1158778667449951
1.4456778764724731
1.5896189212799072
1.534143328666687
1.4677655696868896
1.022342562675476
1.0844697952270508
1.156949520111084
1.2765288352966309
1.095401406288147
1.495361089706421
1.1129688024520874
1.039341688156128
1.2881202697753906
0.9586935639381409
1.1351042985916138
1.336755633354187
1.189023494720459
1.3045927286148071
1.2188735008239746
1.2242543697357178
1.1397124528884888
1.1549409627914429
1.1479249000549316
1.0280038118362427
1.2253282070159912
1.3219513893127441
1.6807031631469727
1.8786747455596924
1.8950676918029785
1.7342963218688965
1.7416765689849854
1.9518845081329346
1.9149585962295532
1.8757716417312622
1.587218999862671
1.4124926328659058
1.7357072830200195
1.4113024473190308
1.2179105281829834
1.509063959121704
1.646273136138916
1.4863287210464478
1.6256556510925293
1.4151067733764648
1.1703814268112183
1.2148346900939941
1.210863709449768
1.186652660369873
1.1979963779449463
1.1032817363739014
1.1725903749465942
1.1882736682891846
1.0272506475448608
1.4095643758773804
1.3144782781600952
1.2180989980697632
1.3153284788131714
1.0666661262512207
1.178269624710083
1.347822904586792
1.8553000688552856
1.912689208984375
1.6510907411575317
1.18507719039917
1.3535048961639404
1.3366025686264038
1.4373040199279785
1.2320605516433716
1.3744618892669678
1.3094186782836914
1.3419638872146606
1.3603695631027222
1.4798238277435303
1.428414225578308
1.3999980688095093
1.4389266967773438
1.547046184539795
1.4951908588409424
0.8693353533744812
0.7524166107177734
0.9211117625236511
0.9697654843330383
1.0213576555252075
1.0273022651672363
1.0306631326675415
1.2661548852920532
1.3527847528457642
1.2803887128829956
1.322537899017334
1.2525889873504639
1.0789210796356201
1.1390701532363892
1.25554621219635
1.4123519659042358
1.039579153060913
1.1324684619903564
1.1352057456970215
1.236804485321045
1.1501593589782715
1.1491217613220215
1.3235793113708496
1.278319001197815
1.0184134244918823
1.206982970237732
0.9964187145233154
1.0250970125198364
1.454025387763977
1.2264890670776367
1.3822482824325562
0.9856072068214417
1.0059692859649658
1.1061750650405884
1.0424762964248657
1.098652720451355
1.1225590705871582
1.307573676109314
1.2598901987075806
1.1689655780792236
1.3645912408828735
1.3087819814682007
1.2289766073226929
1.0268197059631348
1.0501893758773804
0.9181349873542786
1.025004506111145
0.8966565132141113
1.0976876020431519
0.9340757131576538
1.06167733669281
1.0701814889907837
1.1169501543045044
1.1533855199813843
1.4510079622268677
1.294813871383667
1.4015324115753174
1.3254867792129517
1.2078492641448975
1.3595473766326904
1.5720363855361938
1.388264536857605
1.6246482133865356
0.9844645261764526
1.0821655988693237
1.3496233224868774
0.8850926160812378
1.0094884634017944
0.9742391705513
1.0115680694580078
1.0232713222503662
0.8741025328636169
0.8804102540016174
1.0139751434326172
1.1512459516525269
0.9887781143188477
1.041812539100647
1.131959319114685
0.9704099893569946
0.8757843971252441
1.1075130701065063
0.8939024806022644
1.0483185052871704
1.0593483448028564
1.0508710145950317
0.8622292876243591
0.9879515171051025
1.037446141242981
1.0521697998046875
1.0531495809555054
0.9918512105941772
0.9217323660850525
0.8004205226898193
1.1568164825439453
1.3591375350952148
0.991510808467865
0.9493131041526794
1.0487033128738403
0.9421159029006958
0.9526357650756836
0.9846999049186707
1.0470513105392456
1.0654077529907227
1.2445262670516968
1.2206331491470337
0.9665716290473938
0.9688308238983154
1.1502622365951538
1.2423697710037231
0.9250497817993164
1.0370734930038452
0.6630656123161316
0.7270952463150024
0.7396974563598633
0.9226124286651611
0.7694252133369446
1.1027110815048218
0.8552325963973999
0.707148015499115
0.8866090178489685
0.8755573034286499
1.1195673942565918
1.0880502462387085
1.1900917291641235
0.8644226789474487
0.9037189483642578
0.8051643967628479
0.9789152145385742
1.2685242891311646
1.2382807731628418
1.1517537832260132
1.2026500701904297
1.006535530090332
1.2532519102096558
1.300492763519287
1.249515175819397
1.1261391639709473
1.0705243349075317
0.9861025810241699
0.8197692632675171
1.1965854167938232
1.0853207111358643
1.5448445081710815
1.640857219696045
1.2236145734786987
1.1895246505737305
1.3349642753601074
1.5481125116348267
1.356507658958435
1.4854607582092285
1.3650485277175903
1.6908507347106934
1.8621792793273926
1.653928518295288
1.5237085819244385
1.5548614263534546
1.691609501838684
1.4511836767196655
1.3385664224624634
1.3535832166671753
1.466017246246338
1.4407910108566284
1.5553287267684937
1.2811739444732666
1.2448087930679321
1.2477167844772339
1.2478184700012207
1.4106452465057373
1.363378882408142
1.2082421779632568
1.2204535007476807
1.6661622524261475
1.5320754051208496
1.4631831645965576
1.6609858274459839
1.6352523565292358
1.606510877609253
1.5641087293624878
1.4265649318695068
1.5047379732131958
1.5819650888442993
1.3072575330734253
1.1018445491790771
1.1879876852035522
1.2822177410125732
1.3178129196166992
1.3872123956680298
1.345644474029541
1.399958848953247
1.4947165250778198
1.5790996551513672
1.447241187095642
1.3765696287155151
1.479408860206604
1.4208353757858276
1.1704000234603882
1.3455758094787598
1.137410044670105
1.5317076444625854
1.2266446352005005
1.321002721786499
1.1806819438934326
1.2366963624954224
1.1492919921875
0.9610825181007385
1.0699950456619263
1.194604754447937
0.9865971803665161
1.084921956062317
1.274789810180664
1.0972944498062134
0.9576128721237183
1.2487214803695679
1.275559663772583
1.1488994359970093
1.298412799835205
1.153207778930664
1.069860816001892
1.1584734916687012
1.1286611557006836
1.1815099716186523
1.4084234237670898
1.2401620149612427
1.154059648513794
1.0840694904327393
0.9785482883453369
1.1077983379364014
1.1805297136306763
1.2042666673660278
1.1708115339279175
0.9347081780433655
1.274497389793396
1.1753102540969849
1.1794164180755615
1.0088775157928467
1.142250657081604
1.2316100597381592
1.2130961418151855
0.9444073438644409
1.1727522611618042
1.1599968671798706
1.1469125747680664
1.0316764116287231
1.0752878189086914
1.1879085302352905
1.1696962118148804
1.058374047279358
1.17593514919281
1.0456854104995728
1.2621039152145386
1.4235587120056152
1.4503936767578125
1.2064428329467773
1.1826637983322144
1.171345829963684
1.162428617477417
1.1568536758422852
1.0646165609359741
1.0952187776565552
1.1422061920166016
1.0218846797943115
1.1815636157989502
1.1085716485977173
1.0970696210861206
1.1863352060317993
1.1087661981582642
1.0925031900405884
1.401412010192871
1.062026023864746
0.9463156461715698
0.9257705807685852
1.2987067699432373
0.9851605892181396
1.0295161008834839
1.1383293867111206
1.2077587842941284
1.1286342144012451
1.042214035987854
1.318687915802002
1.0711385011672974
1.116180181503296
1.2354912757873535
1.1835395097732544
1.2251547574996948
1.0388391017913818
1.0869414806365967
1.1776117086410522
0.9544986486434937
1.027987003326416
1.0279868841171265
