0.23001837730407715
0.4706697165966034
0.481422483921051
0.4804621636867523
0.595028817653656
0.5685509443283081
0.5784237384796143
0.5556108355522156
0.5472406148910522
0.5667935609817505
0.573552131652832
0.5810365080833435
0.5511503219604492
0.5363632440567017
0.5614652633666992
0.548372745513916
0.5920252799987793
0.5874661207199097
0.5967932939529419
0.6717817783355713
0.6319562196731567
0.5811688303947449
0.6404688954353333
0.633799135684967
0.6029379367828369
0.6329118609428406
0.6547344923019409
0.6416940689086914
0.6756205558776855
0.6479759812355042
0.6118822693824768
0.6937664747238159
0.6710312962532043
0.7700695991516113
0.8072396516799927
0.9015658497810364
0.8646699786186218
0.9603503346443176
0.8840974569320679
1.1534428596496582
1.0123413801193237
1.3569269180297852
1.0037566423416138
1.0860965251922607
1.212367057800293
1.0056068897247314
0.9431766867637634
0.8981075882911682
0.9162999987602234
0.8619867563247681
0.9222113490104675
1.062911868095398
1.0286680459976196
1.0520845651626587
1.0357670783996582
0.9808154106140137
0.9993607401847839
1.2416387796401978
1.3141443729400635
1.1351027488708496
0.8489019870758057
0.993880569934845
0.9943853616714478
0.8511132001876831
0.94005286693573
1.0026178359985352
1.016921043395996
0.8641573786735535
1.0482343435287476
0.9281116724014282
0.9750393033027649
1.0677075386047363
1.1740350723266602
1.6569931507110596
1.413955569267273
1.5412107706069946
1.5813647508621216
1.7895361185073853
1.9405103921890259
1.5852035284042358
1.102007508277893
1.451371669769287
1.169670581817627
1.2108029127120972
0.9922913312911987
1.4624354839324951
1.4782912731170654
1.5064053535461426
1.3705612421035767
1.1758363246917725
0.9861751794815063
0.8872156739234924
0.9826885461807251
0.9703347682952881
0.9315934777259827
1.080694317817688
1.2307878732681274
1.2285223007202148
1.2079459428787231
1.1080294847488403
1.1441612243652344
1.2997584342956543
1.4265878200531006
1.2086900472640991
1.3838722705841064
1.452425479888916
1.3970568180084229
1.331173300743103
1.421552062034607
1.1937912702560425
1.1499836444854736
1.2841566801071167
1.1536065340042114
1.1718147993087769
1.2832481861114502
1.284319519996643
1.2023335695266724
1.2431279420852661
1.1237380504608154
1.2008644342422485
1.1324509382247925
1.2363089323043823
0.9910773038864136
0.9319588541984558
1.1399270296096802
1.0626287460327148
1.0412026643753052
1.1727149486541748
1.0843206644058228
0.9899214506149292
1.0777896642684937
1.4105557203292847
1.3723368644714355
1.8367375135421753
1.334197759628296
1.3179757595062256
1.1683197021484375
1.201583981513977
1.3840506076812744
1.1683130264282227
1.0614404678344727
1.2149325609207153
1.1326128244400024
0.8789583444595337
0.9619927406311035
1.0330990552902222
0.9615309238433838
0.9249986410140991
0.8989173173904419
0.8170925974845886
0.8879082202911377
0.9804830551147461
0.8697694540023804
1.1166421175003052
0.8924233317375183
0.9439131021499634
0.8842923045158386
0.9027196168899536
0.9823809266090393
1.1305482387542725
0.9666882753372192
0.9325466156005859
1.1082258224487305
1.0237361192703247
1.0552937984466553
1.2231528759002686
1.2721011638641357
1.273293137550354
1.2791327238082886
1.3101986646652222
1.3987061977386475
1.3680262565612793
1.3718336820602417
1.2665168046951294
1.1629325151443481
1.3016456365585327
1.041089415550232
1.229944109916687
1.2347865104675293
1.2474907636642456
1.2394521236419678
1.2455812692642212
1.1737104654312134
1.367770791053772
1.273180603981018
1.3825701475143433
1.4233521223068237
1.1846610307693481
1.123259425163269
1.3757072687149048
1.2894923686981201
1.3125284910202026
1.3316115140914917
1.2319914102554321
1.354927659034729
1.385306715965271
1.338239073753357
1.293171763420105
1.4785680770874023
1.3614674806594849
1.4727990627288818
1.3021217584609985
1.1735230684280396
1.4126248359680176
1.3594130277633667
1.4237061738967896
1.2250391244888306
1.177395224571228
1.2131562232971191
1.1613324880599976
1.2688807249069214
1.447213053703308
1.487231969833374
1.2879230976104736
1.253223180770874
1.3208956718444824
1.4579957723617554
1.3861130475997925
1.3300178050994873
1.2486004829406738
1.2126401662826538
1.201189398765564
1.149512529373169
1.2692190408706665
1.2414767742156982
1.3082863092422485
1.2087303400039673
1.3134896755218506
1.3277899026870728
1.170062780380249
1.2033941745758057
1.232103705406189
1.237562656402588
1.2186965942382813
1.2666243314743042
1.4593510627746582
1.2711682319641113
1.2323805093765259
1.2927894592285156
1.3419755697250366
1.2963242530822754
1.2102588415145874
1.287297010421753
1.152553677558899
1.1993544101715088
1.3016694784164429
1.2592051029205322
1.20653235912323
1.313602328300476
1.2701387405395508
1.2756718397140503
1.3100308179855347
1.3255503177642822
1.1571100950241089
1.144281268119812
1.1267729997634888
1.277779221534729
1.3970301151275635
1.3796932697296143
1.368094801902771
1.3914737701416016
1.4893778562545776
1.386723518371582
1.4248898029327393
1.3359770774841309
1.3052737712860107
1.3129572868347168
1.2823998928070068
1.305896282196045
1.4492342472076416
1.4598149061203003
1.304805874824524
1.260680079460144
1.257142186164856
1.3651663064956665
1.3132543563842773
1.1636853218078613
1.2699365615844727
1.296479344367981
1.237242579460144
1.227412462234497
1.3299901485443115
1.1856075525283813
1.2561500072479248
1.3226240873336792
1.1617072820663452
1.124789834022522
1.2503423690795898
1.385620355606079
1.122188925743103
1.2982984781265259
1.3555265665054321
1.1584031581878662
1.070090413093567
1.157013177871704
1.3262757062911987
1.2738498449325562
1.124902606010437
1.196537733078003
1.2874011993408203
1.2107458114624023
1.2752728462219238
1.2209151983261108
1.2188751697540283
1.2582567930221558
1.312051773071289
1.2249720096588135
1.371565341949463
1.2207276821136475
1.3083302974700928
1.4040675163269043
1.1635113954544067
1.3824210166931152
1.2946083545684814
1.2726911306381226
1.228058099746704
1.1847095489501953
1.3429844379425049
1.3148586750030518
1.3039586544036865
1.3029108047485352
1.1961078643798828
1.2349035739898682
1.3049980401992798
1.1536682844161987
1.2820440530776978
1.2599475383758545
1.2013678550720215
1.4736580848693848
1.3061416149139404
1.2942942380905151
1.3665598630905151
1.476339340209961
1.3808008432388306
1.1426881551742554
1.4051111936569214
1.1778703927993774
1.1968939304351807
1.2480783462524414
1.4755653142929077
1.2305936813354492
1.153796672821045
1.1976386308670044
1.1776145696640015
1.3293893337249756
1.1265804767608643
1.2485477924346924
1.2491192817687988
1.265034794807434
1.2996232509613037
1.289943814277649
1.3343623876571655
1.2013418674468994
1.2124946117401123
1.3769179582595825
1.3710850477218628
1.3158776760101318
1.2276414632797241
1.124831199645996
1.2730529308319092
1.289782166481018
1.401703953742981
1.3818855285644531
1.2315534353256226
1.2197942733764648
1.148054838180542
1.1117593050003052
1.135140061378479
1.3474799394607544
1.3171297311782837
1.292646884918213
1.1028627157211304
1.169426679611206
1.2832049131393433
1.2478406429290771
1.274714708328247
1.4081064462661743
1.3034437894821167
1.2343522310256958
1.3524364233016968
1.3226312398910522
1.2897714376449585
1.1725821495056152
1.304490089416504
1.2003271579742432
1.2074493169784546
1.3562490940093994
1.4782415628433228
1.36953604221344
1.319085955619812
1.4078571796417236
1.3078945875167847
1.2365527153015137
1.3574578762054443
1.2944575548171997
1.3726106882095337
1.2952874898910522
1.4353493452072144
1.4909616708755493
1.4156404733657837
1.3937429189682007
1.3712214231491089
1.3706321716308594
1.4866044521331787
1.4843655824661255
1.4540913105010986
1.4166303873062134
1.3135840892791748
1.3200480937957764
1.5027363300323486
1.2768514156341553
1.3969919681549072
1.4403822422027588
1.4386770725250244
1.3355096578598022
1.4296318292617798
1.5456311702728271
1.5454115867614746
1.5072519779205322
1.5714268684387207
1.5219348669052124
1.3775564432144165
1.3990495204925537
1.5395368337631226
1.278998613357544
1.397759199142456
1.3743976354599
1.205411434173584
1.437574863433838
1.411115288734436
1.3186559677124023
1.4472825527191162
1.5292221307754517
1.607932686805725
1.4878419637680054
1.5003154277801514
1.4741106033325195
1.4279704093933105
1.5468635559082031
1.4695552587509155
1.4622621536254883
1.5725003480911255
1.5367592573165894
1.5285009145736694
1.5181889533996582
1.3406866788864136
1.3754394054412842
1.4542133808135986
1.2949953079223633
1.4319605827331543
1.3950583934783936
1.2632014751434326
1.2988884449005127
1.1560088396072388
1.2335572242736816
1.3179634809494019
1.3104846477508545
1.327468752861023
1.2514567375183105
1.2969624996185303
1.2783055305480957
1.2685964107513428
1.3116635084152222
1.3648823499679565
1.3231314420700073
1.2887012958526611
1.1938612461090088
1.2607282400131226
1.3764721155166626
1.2863755226135254
1.2007495164871216
1.2679051160812378
1.1587721109390259
1.331902027130127
1.3139362335205078
1.3470792770385742
1.2761332988739014
1.112256407737732
1.334553837776184
1.2519813776016235
1.2074896097183228
1.3860466480255127
1.2687361240386963
1.4189229011535645
1.4664217233657837
1.3740105628967285
1.3622914552688599
1.278477668762207
1.2352474927902222
1.290472388267517
1.2285563945770264
1.0763627290725708
1.1868658065795898
1.1565907001495361
1.1672980785369873
1.1507713794708252
1.3760249614715576
1.1741840839385986
1.3737525939941406
1.2686407566070557
1.2183903455734253
1.2540621757507324
1.3985629081726074
1.2999897003173828
1.2056719064712524
1.3647748231887817
1.2033803462982178
1.27505362033844
1.3794009685516357
1.2631149291992188
1.3910138607025146
1.3830991983413696
1.291763424873352
1.3371671438217163
1.4236127138137817
1.388062834739685
1.2614036798477173
1.2048301696777344
1.1513291597366333
1.2224620580673218
1.3984249830245972
1.260807752609253
1.3556538820266724
1.2876578569412231
1.2607407569885254
1.1624680757522583
1.2898744344711304
1.1537569761276245
1.1640081405639648
1.353272557258606
1.3362784385681152
1.209733247756958
1.3110216856002808
1.3211220502853394
1.2813116312026978
1.2893799543380737
1.2343884706497192
1.3552525043487549
1.3436801433563232
1.2188208103179932
1.380776286125183
1.486503005027771
1.6125789880752563
1.5657551288604736
1.4198936223983765
1.553721308708191
1.522585391998291
1.4505059719085693
1.4708974361419678
1.570412278175354
1.4104721546173096
1.5602792501449585
1.6845704317092896
1.4812796115875244
1.4490365982055664
1.6775438785552979
1.3545417785644531
1.47503662109375
1.3870600461959839
1.5202410221099854
1.5299490690231323
1.5384260416030884
1.4481127262115479
1.4323219060897827
1.5126264095306396
1.4469068050384521
1.6015677452087402
1.4643807411193848
1.4890789985656738
1.345635175704956
1.7139157056808472
1.4859341382980347
1.488629698753357
1.46359384059906
1.4429274797439575
1.3906211853027344
1.5394850969314575
1.4611811637878418
1.6001973152160645
1.584614872932434
1.5307193994522095
1.4815634489059448
1.5036364793777466
1.3811860084533691
1.2714306116104126
1.4220457077026367
1.1663944721221924
1.1964919567108154
1.2389988899230957
1.1953721046447754
1.2030662298202515
1.2451740503311157
1.301337718963623
1.2252382040023804
1.2785465717315674
1.2211780548095703
1.1566863059997559
1.2228477001190186
1.226470947265625
1.259683609008789
1.3321679830551147
1.2309765815734863
1.3004459142684937
1.3528542518615723
1.2695900201797485
1.2497230768203735
1.4337549209594727
1.4387229681015015
1.411525011062622
1.482461929321289
1.2962334156036377
1.2302112579345703
1.2527905702590942
1.2823600769042969
1.4401049613952637
1.6667872667312622
1.5620033740997314
1.369706630706787
1.304646611213684
1.4257973432540894
1.2761759757995605
1.2601991891860962
1.3507518768310547
1.5124675035476685
1.276723027229309
1.2152968645095825
1.235341191291809
1.188751220703125
1.2377039194107056
1.1663814783096313
1.286646842956543
1.2557669878005981
1.2642792463302612
1.2448049783706665
1.2613965272903442
1.3362414836883545
1.3138009309768677
1.3692299127578735
1.2758644819259644
1.1775444746017456
1.1336251497268677
1.1752620935440063
1.2713793516159058
1.2668793201446533
1.2820019721984863
1.2431117296218872
1.2306382656097412
1.1068806648254395
1.2650032043457031
1.3084605932235718
1.2176499366760254
1.2469911575317383
1.1859447956085205
1.2081291675567627
1.2698057889938354
1.317902684211731
1.2578351497650146
1.3151774406433105
1.2339048385620117
1.2706307172775269
1.1350177526474
1.1712956428527832
1.2879095077514648
1.2603027820587158
1.343013882637024
1.342965841293335
1.3286395072937012
1.1883519887924194
1.314239263534546
1.1675313711166382
1.2641072273254395
1.171496868133545
1.2523871660232544
1.240752100944519
1.2816205024719238
1.2205815315246582
1.1565762758255005
1.3918190002441406
1.226422905921936
1.3574692010879517
1.2111576795578003
1.312941074371338
1.297285556793213
1.2882176637649536
1.101588249206543
1.2858401536941528
1.2365095615386963
1.4745163917541504
1.2383822202682495
1.29900324344635
1.3886007070541382
1.1464476585388184
1.1895297765731812
1.1878801584243774
1.1593600511550903
1.2305409908294678
1.3345502614974976
1.2436000108718872
1.2804358005523682
1.207993507385254
1.2830168008804321
1.1360359191894531
1.1664929389953613
1.3850195407867432
1.38644278049469
1.213478922843933
1.3052173852920532
1.2642897367477417
1.262528896331787
1.17654287815094
1.1135950088500977
1.1861510276794434
1.3141967058181763
1.2524486780166626
1.1673333644866943
1.1603937149047852
1.2424944639205933
1.2404563426971436
1.2661066055297852
1.2733886241912842
1.3004404306411743
1.2849912643432617
1.3187952041625977
1.16771399974823
1.174776554107666
1.2280009984970093
1.2271785736083984
1.2451850175857544
1.2393840551376343
1.2240313291549683
1.2394318580627441
1.26629638671875
1.2041321992874146
1.3019564151763916
1.300931692123413
1.1698334217071533
1.3174327611923218
1.3195148706436157
1.2927323579788208
1.296252965927124
1.112950325012207
1.1360657215118408
1.250675916671753
1.253990650177002
1.1629234552383423
1.1582337617874146
1.10542631149292
1.222975730895996
1.140620470046997
1.2955307960510254
1.3057996034622192
1.2432254552841187
1.2184151411056519
1.158742070198059
1.05524742603302
1.2786792516708374
1.244144320487976
1.2984095811843872
1.2590206861495972
1.1943475008010864
1.1279935836791992
1.2099050283432007
1.1291499137878418
1.1844990253448486
1.1931113004684448
1.2851444482803345
1.2162257432937622
1.3150873184204102
1.2645814418792725
1.1159087419509888
1.0837366580963135
1.2791047096252441
1.1566439867019653
1.1774274110794067
1.234115481376648
1.166250228881836
1.299999475479126
1.467315435409546
1.540679931640625
1.5235697031021118
1.5026887655258179
1.478913426399231
1.4607723951339722
1.2475056648254395
1.3063844442367554
1.1361558437347412
1.134934425354004
1.0780353546142578
1.3515026569366455
1.3895899057388306
1.4882149696350098
1.4540748596191406
1.512503743171692
1.5449775457382202
1.471879243850708
1.5731717348098755
1.2308850288391113
1.118912935256958
1.1756380796432495
1.1555836200714111
1.2220304012298584
1.1979280710220337
1.1630982160568237
1.3153053522109985
1.2578377723693848
1.6185227632522583
1.5703380107879639
1.3398902416229248
1.388709306716919
1.529151439666748
1.3685925006866455
1.3753212690353394
1.33988356590271
1.3273776769638062
1.4577367305755615
1.345760464668274
1.5956746339797974
1.6328775882720947
1.532179832458496
1.6483756303787231
1.5432778596878052
1.374433994293213
1.2550076246261597
1.1928051710128784
1.2402020692825317
1.050895094871521
1.0778694152832031
1.1428964138031006
1.2144564390182495
1.176950216293335
1.2020138502120972
1.202457070350647
1.244660496711731
1.2247518301010132
1.2232089042663574
1.482504963874817
1.2373712062835693
1.2075254917144775
1.2452365159988403
1.176601529121399
1.2337700128555298
1.132428765296936
1.1962847709655762
1.2401065826416016
1.1774864196777344
1.102491021156311
1.1553997993469238
1.247254729270935
1.3031272888183594
1.0907073020935059
1.1245505809783936
1.1915861368179321
1.2499315738677979
1.1632685661315918
1.1279252767562866
1.1253975629806519
1.1495201587677002
1.1149389743804932
1.1776591539382935
1.1971349716186523
1.2796251773834229
1.1280242204666138
1.1944971084594727
1.1056231260299683
1.102015495300293
1.1405678987503052
1.1388906240463257
1.1932804584503174
1.0924158096313477
1.1173430681228638
1.174343466758728
1.1146599054336548
1.082365870475769
1.1267281770706177
1.2180155515670776
1.19734787940979
1.1171433925628662
1.2855390310287476
1.135722279548645
1.2242369651794434
1.2301818132400513
1.1442745923995972
1.1624178886413574
1.1920506954193115
1.179863691329956
1.18521249294281
1.1434800624847412
1.3002578020095825
1.2726126909255981
1.2563202381134033
1.3486602306365967
1.2472652196884155
1.195544719696045
1.130122184753418
1.200563907623291
1.195935845375061
1.2527143955230713
1.2869503498077393
1.1747313737869263
1.2047144174575806
1.3205664157867432
1.2622085809707642
1.1681288480758667
1.1637632846832275
1.1246109008789063
1.0112861394882202
1.0946192741394043
1.1671545505523682
1.2261075973510742
1.1993993520736694
1.1593633890151978
1.2972158193588257
1.176456093788147
1.1160542964935303
1.2005342245101929
1.1515984535217285
1.324953317642212
1.1621173620224
1.2921218872070313
1.3152409791946411
1.2875795364379883
1.2843575477600098
1.140183925628662
1.1216732263565063
1.1436171531677246
1.1528754234313965
1.2763665914535522
1.3495591878890991
1.2086433172225952
1.1996891498565674
1.2674274444580078
1.2277345657348633
1.1119065284729004
1.1029919385910034
1.3224645853042603
1.6609697341918945
1.3903834819793701
1.272344946861267
1.1659021377563477
1.2775053977966309
0.9897706508636475
1.1230030059814453
1.1574410200119019
1.0500831604003906
1.0917558670043945
1.1487643718719482
1.0472708940505981
1.0480455160140991
1.067725658416748
1.0511590242385864
1.09791898727417
1.0690823793411255
1.196905493736267
1.1132802963256836
1.0582221746444702
1.1365278959274292
1.1455817222595215
1.1166433095932007
1.0867202281951904
1.0646568536758423
1.09541916847229
1.2947518825531006
1.0104258060455322
1.1311628818511963
0.9330272674560547
1.0011004209518433
1.090779185295105
0.9649319052696228
0.9745494723320007
1.1270240545272827
1.1395418643951416
1.1244200468063354
1.0952123403549194
1.1296125650405884
1.2606052160263062
1.019126534461975
1.177413821220398
1.0074983835220337
1.0085022449493408
1.0845615863800049
1.1747599840164185
1.183718204498291
1.0118411779403687
1.4131262302398682
0.977939248085022
1.009662389755249
1.0282560586929321
1.0336782932281494
1.1481868028640747
0.9787238836288452
1.095874547958374
1.0379387140274048
0.997541606426239
0.9512874484062195
0.9994359016418457
1.1853669881820679
0.9836186766624451
0.9832946062088013
0.8988144397735596
0.8097512722015381
0.8297232389450073
0.857164204120636
0.8835301995277405
1.171778917312622
1.1024069786071777
0.8369472622871399
0.8059558272361755
0.9386565089225769
1.0265276432037354
0.8401455879211426
0.8921734094619751
0.8487886786460876
0.8701722025871277
0.8675075173377991
0.8577832579612732
0.8512409329414368
0.8025790452957153
0.9007980227470398
0.9286848306655884
0.8921826481819153
1.1204571723937988
0.8942022323608398
0.9677597880363464
1.005163550376892
1.1767528057098389
1.0561054944992065
1.1196640729904175
0.9540702104568481
0.9284833669662476
1.0777778625488281
1.0993961095809937
1.2955348491668701
1.2107231616973877
1.2229238748550415
1.1072998046875
1.1615914106369019
1.1369848251342773
1.2086378335952759
1.3235446214675903
1.1338603496551514
1.4060026407241821
1.251954436302185
1.2689436674118042
1.2880866527557373
1.159102201461792
1.082814335823059
1.2118394374847412
1.1899080276489258
1.1524494886398315
1.3205225467681885
1.2391701936721802
1.166075348854065
1.2462557554244995
1.0925111770629883
1.2546329498291016
1.542309045791626
1.5829097032546997
1.5163137912750244
1.574623703956604
1.3485581874847412
1.4970695972442627
1.494195580482483
1.4770586490631104
1.5518802404403687
1.3967385292053223
1.2339152097702026
1.1712578535079956
1.3086562156677246
1.2167558670043945
1.188783049583435
1.296903371810913
1.1478731632232666
1.2341244220733643
1.263386607170105
1.008628249168396
1.2751158475875854
1.2743338346481323
1.4001494646072388
1.5185399055480957
1.2388439178466797
1.1757911443710327
1.3064943552017212
1.270911455154419
1.2221516370773315
1.1893985271453857
1.2161921262741089
1.2126753330230713
1.1636323928833008
1.1976529359817505
1.2444982528686523
1.4220513105392456
1.1288371086120605
1.3546175956726074
1.168520212173462
1.1754822731018066
1.2265547513961792
1.2064613103866577
1.173403263092041
1.1314529180526733
1.077854037284851
1.1875815391540527
1.1816655397415161
1.092875599861145
1.1635150909423828
1.193068265914917
1.3040157556533813
1.14141845703125
1.2765346765518188
1.1213047504425049
1.0456072092056274
1.1905088424682617
1.164145588874817
1.393081545829773
1.2410534620285034
1.3051058053970337
1.2985469102859497
1.3101259469985962
1.1253228187561035
1.3497072458267212
1.4666390419006348
1.5648914575576782
1.3472310304641724
1.2614250183105469
1.3816205263137817
1.3129860162734985
1.4219835996627808
1.4898749589920044
1.4009956121444702
1.3957064151763916
1.5554897785186768
1.6253300905227661
1.3336220979690552
1.4605756998062134
1.3891150951385498
1.4624860286712646
1.474691390991211
1.6786854267120361
1.3310489654541016
1.16636323928833
1.2804460525512695
1.3618677854537964
1.3995451927185059
1.3283286094665527
1.3442394733428955
1.4609860181808472
1.4687600135803223
1.3243924379348755
1.3036803007125854
1.231900691986084
1.1971768140792847
1.22952401638031
1.1535165309906006
1.0971981287002563
1.2350283861160278
1.1311945915222168
1.2936769723892212
1.2482600212097168
1.2115713357925415
1.2116750478744507
1.0766050815582275
1.1688987016677856
1.172571063041687
1.6194175481796265
1.3970612287521362
1.5187020301818848
1.5424304008483887
1.394157886505127
1.4437297582626343
1.3688087463378906
1.4151138067245483
1.3408191204071045
1.5050276517868042
1.5456684827804565
1.7144831418991089
1.4366060495376587
1.6350698471069336
1.6221721172332764
1.3292481899261475
1.2666655778884888
1.3343037366867065
1.4181692600250244
1.323121428489685
1.5089267492294312
1.3045755624771118
1.154880166053772
1.2644591331481934
1.299513816833496
1.2466473579406738
1.2577884197235107
1.256195306777954
1.4757483005523682
1.3060017824172974
1.3068994283676147
1.443227767944336
1.4050976037979126
1.4666072130203247
1.4724315404891968
1.3592256307601929
1.432253360748291
1.5953351259231567
1.4461872577667236
1.2675361633300781
1.2835173606872559
1.1860661506652832
1.321367859840393
1.3557456731796265
1.2389991283416748
1.0926837921142578
1.1142069101333618
1.1017738580703735
1.1393451690673828
1.3946319818496704
1.2906124591827393
1.3099435567855835
1.2641704082489014
1.142703890800476
1.2011011838912964
1.3769065141677856
1.2413922548294067
1.2491238117218018
1.2901281118392944
1.2840253114700317
1.4526187181472778
1.312861442565918
1.2468082904815674
1.1311308145523071
1.2684684991836548
1.3152936697006226
1.413840413093567
1.5804252624511719
1.452657699584961
1.5540177822113037
1.1769944429397583
1.0541069507598877
1.1936639547348022
1.238168716430664
1.2781978845596313
1.1524337530136108
1.1606104373931885
1.1342096328735352
1.0194629430770874
1.0251686573028564
1.0968233346939087
1.2097166776657104
1.1474136114120483
1.171021580696106
1.2140687704086304
1.2803435325622559
1.2571332454681396
1.1883002519607544
1.2430728673934937
1.2665696144104004
1.2075468301773071
1.3189945220947266
1.4579280614852905
1.2609519958496094
1.342771291732788
1.2347652912139893
1.2086976766586304
1.4268155097961426
1.3112695217132568
1.311674952507019
1.3449857234954834
1.164129614830017
1.1980761289596558
1.365995168685913
1.1734589338302612
1.2295969724655151
1.2878819704055786
1.3383203744888306
1.1879613399505615
1.1851346492767334
1.1054234504699707
1.2034050226211548
1.2900322675704956
1.2031934261322021
1.2875546216964722
1.2008823156356812
1.139301061630249
1.2142995595932007
1.253478765487671
1.333618402481079
1.2258217334747314
1.106834053993225
1.1276265382766724
1.2897762060165405
1.3000552654266357
1.2594246864318848
1.3674299716949463
1.2056018114089966
1.1484957933425903
1.1981685161590576
1.2720800638198853
1.3147615194320679
1.2736262083053589
1.198520541191101
1.3772964477539063
1.316405177116394
1.2782139778137207
1.395105004310608
1.2564674615859985
1.2573014497756958
1.1790751218795776
1.4149250984191895
1.38700270652771
1.3663244247436523
1.1796693801879883
1.2448018789291382
1.4112714529037476
1.373399019241333
1.3121557235717773
1.2470982074737549
1.4478729963302612
1.412307858467102
1.4042868614196777
1.2432920932769775
1.2940025329589844
1.3092342615127563
1.280906319618225
1.2771451473236084
1.255752682685852
1.195346713066101
1.2115471363067627
1.347691535949707
1.1175199747085571
1.3390051126480103
1.2155901193618774
1.2337921857833862
1.2279016971588135
1.2478147745132446
1.2113244533538818
1.2404217720031738
1.1499168872833252
1.11632239818573
1.234138011932373
1.2285354137420654
1.1740696430206299
1.219835877418518
1.1388497352600098
1.1737654209136963
1.1827865839004517
1.1546376943588257
1.1343271732330322
1.244719386100769
1.3232547044754028
1.154475212097168
1.245038390159607
1.1722919940948486
1.1783249378204346
1.1210981607437134
1.0665011405944824
1.0871360301971436
1.1469206809997559
1.234260082244873
1.1735247373580933
1.2543855905532837
1.061995506286621
0.9156606197357178
1.063158631324768
1.1960620880126953
1.0241929292678833
0.987424910068512
1.0236515998840332
1.0735869407653809
0.9828633069992065
1.122662901878357
1.0713386535644531
0.983745276927948
1.0188336372375488
1.0634572505950928
1.0910301208496094
1.1639080047607422
1.1837824583053589
1.26633882522583
1.2912237644195557
1.4152709245681763
1.2459543943405151
1.3501553535461426
1.2492908239364624
1.3412001132965088
1.2162445783615112
1.2934974431991577
1.2881700992584229
1.368123173713684
1.5972026586532593
1.6048097610473633
1.3912254571914673
1.272513508796692
1.2052838802337646
1.2926257848739624
1.3945295810699463
1.2539156675338745
1.3705976009368896
1.3744544982910156
1.2747424840927124
1.2850254774093628
1.3597631454467773
1.4259033203125
1.3744430541992188
1.4074610471725464
1.3173227310180664
1.221055269241333
1.3624874353408813
1.282947301864624
1.278075933456421
1.2705804109573364
1.3247042894363403
1.2438606023788452
1.3897451162338257
1.1729987859725952
1.2609119415283203
1.1941953897476196
1.187086582183838
1.2063980102539063
1.256160855293274
1.1542376279830933
1.128333330154419
1.2058625221252441
1.3742045164108276
1.2721141576766968
1.1761753559112549
1.1766080856323242
1.4066832065582275
1.3309217691421509
1.2624070644378662
1.2795006036758423
1.222835659980774
1.263948917388916
1.3501805067062378
1.3359065055847168
1.2321242094039917
1.3272958993911743
1.371638298034668
1.2217960357666016
1.3251209259033203
1.1756138801574707
1.1059062480926514
1.2830194234848022
1.3638527393341064
1.256332278251648
1.1464308500289917
1.2699658870697021
1.3452500104904175
1.3167364597320557
1.607278823852539
1.5684077739715576
1.373715877532959
1.4690582752227783
1.3397858142852783
1.5591678619384766
1.4125902652740479
1.3895303010940552
1.3873929977416992
1.4185720682144165
1.3848094940185547
1.3056138753890991
1.3175461292266846
1.2777996063232422
1.3617032766342163
1.3191211223602295
1.300167441368103
1.330038070678711
1.2968336343765259
1.2612321376800537
1.1522963047027588
1.2062865495681763
1.3437787294387817
1.47377610206604
1.3799124956130981
1.2178012132644653
1.1701160669326782
1.1352951526641846
1.0685502290725708
1.1901077032089233
1.1816542148590088
1.3451416492462158
1.3211642503738403
1.2139296531677246
1.1999486684799194
1.1715707778930664
1.2925853729248047
1.2044023275375366
1.027035117149353
1.1521532535552979
1.2707992792129517
1.2353941202163696
1.1734836101531982
1.2582870721817017
1.2054057121276855
1.2443171739578247
1.1394423246383667
1.3924778699874878
1.2936129570007324
1.1385618448257446
1.2632384300231934
1.107966423034668
1.1847995519638062
1.2516003847122192
1.2704342603683472
1.0968071222305298
1.1913092136383057
1.2313381433486938
1.1435883045196533
1.4095879793167114
1.2203450202941895
1.183837652206421
1.2199103832244873
1.1727068424224854
1.2399085760116577
1.067912220954895
1.0281578302383423
1.1489874124526978
1.1125799417495728
1.0759649276733398
1.1851288080215454
1.0807204246520996
1.1212161779403687
1.137324571609497
1.1681880950927734
1.2083922624588013
1.0979984998703003
1.1403582096099854
1.164516806602478
1.2196577787399292
1.0286831855773926
1.0113420486450195
1.1412105560302734
1.1552780866622925
1.0700732469558716
1.112793207168579
1.2177329063415527
1.2157436609268188
1.230031132698059
1.1576871871948242
1.2383217811584473
1.1209019422531128
1.0638917684555054
1.1071699857711792
1.1792776584625244
1.1369457244873047
1.1893233060836792
1.352797508239746
1.1869713068008423
1.1839741468429565
1.0985174179077148
1.230639100074768
1.0875027179718018
1.1158007383346558
1.105933427810669
1.0769211053848267
1.0720547437667847
1.102303385734558
1.0815422534942627
1.0072442293167114
1.0487878322601318
1.045027732849121
1.2239913940429688
1.1592401266098022
1.20034658908844
1.1819707155227661
1.1209943294525146
1.1490501165390015
1.1066617965698242
1.1704365015029907
1.1615341901779175
1.15562903881073
1.1035233736038208
1.1262671947479248
1.1395273208618164
1.1736747026443481
1.259863018989563
1.3815851211547852
1.1804187297821045
1.2827844619750977
1.3243519067764282
1.3070908784866333
1.485714077949524
1.2196654081344604
1.2896836996078491
1.2118521928787231
1.243310570716858
1.243544340133667
1.2233431339263916
1.2724283933639526
1.203953742980957
1.0973726511001587
1.1583521366119385
1.131013035774231
1.160018801689148
1.2832672595977783
1.1973522901535034
1.2020717859268188
1.2267895936965942
1.4001272916793823
1.200244426727295
1.1441980600357056
1.163567066192627
1.0568736791610718
1.138954997062683
1.0658848285675049
1.143121361732483
1.2064011096954346
1.124986171722412
1.1175811290740967
1.2432061433792114
1.2043964862823486
1.1436206102371216
1.1914575099945068
1.1763523817062378
1.0718114376068115
1.1464616060256958
1.1573716402053833
1.2625062465667725
1.181225061416626
1.1772927045822144
1.1021020412445068
1.0668658018112183
1.0801265239715576
1.1345778703689575
1.213226556777954
1.1377707719802856
1.2320263385772705
1.1542888879776
1.089924931526184
1.178587794303894
1.1744707822799683
1.2521783113479614
1.0536426305770874
1.1664096117019653
1.0746264457702637
1.1740280389785767
1.180047631263733
1.025575041770935
1.0900567770004272
1.0522159337997437
1.1156032085418701
1.1078191995620728
1.3575273752212524
1.1733285188674927
1.176042914390564
1.2560402154922485
1.1912965774536133
1.1611779928207397
1.090535044670105
1.2166919708251953
1.2093905210494995
1.255184531211853
1.0603249073028564
1.1605054140090942
1.1973271369934082
1.092252254486084
1.0726858377456665
1.1067376136779785
1.0660719871520996
1.188520073890686
1.2477885484695435
1.3078744411468506
1.3292797803878784
1.5041046142578125
1.4108611345291138
1.4266716241836548
1.6236342191696167
1.2891312837600708
1.3426103591918945
1.1368634700775146
1.1206166744232178
1.1327753067016602
1.2118147611618042
1.257737159729004
1.2331897020339966
1.2588516473770142
1.1522610187530518
1.1246298551559448
1.2376080751419067
1.19760262966156
1.1133472919464111
1.2111024856567383
0.9897416234016418
1.07523512840271
1.040479302406311
1.1376526355743408
1.0008383989334106
1.007150650024414
1.0045830011367798
0.9055949449539185
1.073258638381958
1.1538803577423096
1.1105421781539917
1.1884222030639648
1.1303352117538452
1.0512173175811768
1.1646023988723755
1.1321955919265747
1.1301982402801514
1.17135488986969
1.1099460124969482
1.2789949178695679
1.1677230596542358
1.1052459478378296
1.0938472747802734
1.09910249710083
0.914121687412262
0.8482329845428467
0.8024442791938782
1.004922866821289
1.0620657205581665
0.9628286957740784
0.9091360569000244
0.9556602239608765
0.854357123374939
1.0309185981750488
1.066056728363037
0.8599652647972107
0.8838969469070435
0.9192700386047363
1.0612717866897583
0.9082409739494324
0.8701550364494324
0.9601327776908875
0.9694952964782715
0.975729763507843
0.8809654116630554
0.885197103023529
0.9392008185386658
0.9159656763076782
0.9454879760742188
0.8795371651649475
0.9788580536842346
0.899797260761261
0.8315771222114563
0.9661626219749451
0.9741062521934509
1.0185598134994507
0.9821805357933044
0.9371852874755859
0.9402416944503784
0.9900730848312378
0.9132452607154846
0.8707448840141296
1.2970565557479858
1.179499864578247
0.9370572566986084
1.0494900941848755
1.096638560295105
0.9383407235145569
0.8997734785079956
0.865700364112854
1.1567318439483643
1.3612021207809448
1.0445443391799927
1.0148215293884277
0.9778838753700256
0.9376835823059082
0.9064744114875793
0.9943605065345764
0.8985770344734192
0.9390957951545715
1.059911847114563
0.9482596516609192
1.035404086112976
1.019376277923584
0.9989263415336609
0.9683836102485657
1.0823746919631958
1.0734881162643433
1.0162593126296997
1.1430206298828125
1.1352415084838867
1.029620885848999
1.1023942232131958
1.1812881231307983
1.166081190109253
1.5386427640914917
1.4171534776687622
1.1919790506362915
1.2942464351654053
1.1647948026657104
1.234823226928711
0.9857208132743835
0.8890721797943115
0.8138957619667053
0.8570709228515625
1.231863260269165
0.8803942799568176
1.1388932466506958
0.9039865732192993
0.9610328078269958
0.9805899858474731
0.9540425539016724
0.9400642514228821
0.9015761017799377
0.9879406690597534
0.8523006439208984
1.139113187789917
1.1414988040924072
1.121160626411438
1.3566392660140991
1.1250823736190796
1.0903809070587158
0.9795480370521545
1.1227976083755493
1.062462329864502
1.0787303447723389
1.0892746448516846
1.1629196405410767
1.19270658493042
1.1703661680221558
1.053884506225586
1.4709843397140503
1.2610540390014648
1.1116143465042114
1.161887288093567
1.050498127937317
1.038237452507019
0.8719230890274048
1.0810625553131104
0.8562915921211243
0.9778555631637573
0.8695731163024902
1.0417858362197876
1.0744481086730957
1.1645493507385254
1.3017369508743286
1.353735089302063
1.3735122680664063
1.201197624206543
0.9370239973068237
0.9619547128677368
0.8991400599479675
0.9412516355514526
1.0844670534133911
1.389579176902771
1.1084601879119873
0.989995002746582
0.8420736193656921
0.8922767043113708
1.1532829999923706
1.025644063949585
1.052229404449463
1.065896987915039
1.218186378479004
1.2208170890808105
0.9473557472229004
0.7497517466545105
1.0401575565338135
0.9778095483779907
1.1707669496536255
0.9316718578338623
0.9620023965835571
0.9294515252113342
1.002346396446228
1.1528202295303345
0.8619735836982727
1.185347557067871
1.0990935564041138
1.0676003694534302
1.4612364768981934
1.316022515296936
1.0589237213134766
1.2759060859680176
1.3937149047851563
1.3633184432983398
1.3127604722976685
1.111060380935669
1.3229215145111084
1.1082441806793213
1.140572428703308
1.1272172927856445
1.3737629652023315
1.1756876707077026
1.3734310865402222
1.2901060581207275
1.56194007396698
1.7305632829666138
1.5614705085754395
1.6755281686782837
1.5585055351257324
1.7193057537078857
1.7882888317108154
1.6688992977142334
1.613293170928955
1.4291698932647705
1.4189759492874146
1.2355996370315552
0.965056836605072
1.3473522663116455
1.0969542264938354
0.8986446261405945
0.964561939239502
0.9794306755065918
1.1210381984710693
1.2270163297653198
1.281511664390564
1.3069868087768555
0.960146963596344
0.8614622354507446
0.9619515538215637
1.0468155145645142
1.0334490537643433
1.0858718156814575
1.074000358581543
1.0959340333938599
1.0343217849731445
1.0220450162887573
1.1809393167495728
1.185917854309082
1.163515567779541
1.143997073173523
1.2087072134017944
1.2042335271835327
1.1786686182022095
1.1770445108413696
1.1683275699615479
1.124747633934021
1.1841024160385132
1.213785171508789
1.25620436668396
1.2604063749313354
1.3507027626037598
1.2911393642425537
1.3166807889938354
1.2939070463180542
1.2744923830032349
1.1935157775878906
1.162176251411438
1.2133750915527344
1.1281040906906128
1.1101349592208862
1.2317010164260864
1.2128115892410278
1.1892032623291016
1.1037201881408691
1.1489286422729492
1.148040771484375
1.186264157295227
1.3291398286819458
1.2505543231964111
1.2676945924758911
1.249030351638794
1.179888129234314
1.296594500541687
1.2302300930023193
1.1825237274169922
1.207166075706482
1.2845044136047363
1.2392733097076416
1.2057325839996338
1.1980682611465454
1.2575514316558838
1.1843225955963135
1.1618679761886597
1.2667092084884644
1.149741768836975
1.2121634483337402
1.232375979423523
1.2507312297821045
1.2996362447738647
1.2647056579589844
1.3420073986053467
1.1994717121124268
1.343042016029358
1.1742241382598877
1.1418437957763672
1.165745496749878
1.239650845527649
1.216774344444275
1.331364393234253
1.3184913396835327
1.2769593000411987
1.1515965461730957
1.2478199005126953
1.1890801191329956
1.1372411251068115
1.1417598724365234
1.2443767786026
1.3082151412963867
1.2344735860824585
1.1865417957305908
1.2725704908370972
1.186858892440796
1.1547337770462036
1.1561201810836792
1.2715235948562622
1.2130476236343384
1.3346163034439087
1.1661179065704346
1.2259225845336914
1.332282304763794
1.324615478515625
1.3318606615066528
1.2781682014465332
1.2178195714950562
1.157023549079895
1.3074584007263184
1.216964602470398
1.4166744947433472
1.3155725002288818
1.3575352430343628
1.2051891088485718
1.2753840684890747
1.2079302072525024
1.10300612449646
1.1978957653045654
1.1504814624786377
1.2804416418075562
1.4320106506347656
1.1931966543197632
1.1750344038009644
1.237730860710144
1.1193630695343018
1.1110026836395264
1.175581693649292
1.3665974140167236
1.3356444835662842
1.388903021812439
1.2448447942733765
1.2359604835510254
1.2137795686721802
1.1811853647232056
1.2398890256881714
1.1428812742233276
1.3187202215194702
1.3018062114715576
1.2706578969955444
1.31304132938385
1.3619519472122192
1.2312407493591309
1.1344002485275269
1.1617743968963623
1.2184994220733643
1.1877573728561401
1.1729742288589478
1.2476648092269897
1.2380552291870117
1.2232967615127563
1.262044906616211
1.20315682888031
1.2031567096710205
